*Vertices 251
0.936100000
0.116400000
0.116400000
0.350600000
0.648500000
0.132100000
0.801100000
0.542400000
0.436200000
0.182000000
0.415700000
0.359500000
0.429100000
0.652000000
0.124700000
0.350600000
0.575400000
0.843000000
0.704700000
0.559300000
0.774300000
0.352400000
0.399600000
0.443800000
0.612000000
0.856400000
0.389800000
0.521000000
0.831900000
0.486200000
0.805500000
0.741300000
0.855500000
0.264000000
0.349700000
0.530800000
0.515600000
0.638700000
0.579800000
0.662800000
0.063900000
0.478100000
0.559900000
0.543300000
0.378200000
0.755400000
0.671500000
0.887600000
0.402300000
0.461200000
0.929700000
0.933300000
0.652100000
0.496000000
0.316700000
0.390700000
0.140100000
0.107300000
0.241700000
0.313100000
0.295300000
0.563800000
0.457600000
0.649400000
0.149000000
0.901100000
0.422800000
0.531700000
0.524500000
0.120100000
0.467400000
0.488800000
0.172200000
0.775600000
0.391200000
0.439500000
0.299700000
0.289900000
0.440700000
0.558100000
0.452300000
0.366600000
0.228900000
0.594100000
0.294400000
0.322000000
0.180200000
0.412100000
0.273000000
0.692200000
0.366600000
0.343400000
0.819900000
0.194500000
0.421100000
0.378200000
0.931500000
0.394300000
0.512900000
0.857700000
0.347000000
0.395800000
0.749900000
0.175500000
0.654800000
0.196700000
0.367500000
0.283300000
0.664600000
0.228900000
0.628900000
0.659200000
0.308700000
0.707400000
0.757400000
0.482600000
0.778300000
0.836500000
0.848300000
0.765400000
0.662800000
0.804300000
0.771600000
0.395200000
0.699400000
0.560200000
0.451400000
0.912100000
0.122900000
0.140400000
0.292600000
0.864400000
0.687800000
0.562000000
0.620900000
0.271300000
0.264900000
0.559300000
0.324700000
0.699400000
0.274800000
0.479900000
0.434400000
0.407800000
0.562900000
0.665500000
0.164100000
0.302400000
0.863300000
0.822700000
0.609300000
0.554000000
0.815300000
0.689600000
0.536900000
0.756200000
0.843900000
0.219700000
0.837600000
0.297100000
0.620000000
0.628900000
0.366600000
0.512900000
0.655700000
0.771900000
0.636000000
0.252900000
0.851900000
0.850400000
0.678900000
0.647600000
0.583400000
0.742400000
0.820900000
0.413900000
0.704700000
0.474600000
0.388900000
0.134900000
0.390700000
0.684200000
0.499600000
0.241700000
0.715700000
0.546800000
0.281000000
0.784100000
0.433500000
0.527200000
0.274800000
0.272100000
0.496000000
0.665500000
0.122900000
0.818900000
0.886300000
0.333600000
0.727700000
0.413900000
0.600400000
0.864400000
0.543300000
0.240000000
0.347000000
0.772500000
0.462100000
0.575400000
0.738600000
0.391600000
0.231000000
0.703800000
0.826400000
0.107200000
0.165300000
0.614300000
0.228900000
0.346100000
0.408600000
0.705600000
0.796900000
0.573600000
0.708300000
0.652100000
0.388400000
0.788500000
0.766300000
0.595000000
0.426200000
0.256900000
0.785900000
0.459400000
0.707400000
0.547700000
0.355900000
0.668200000
0.409600000
0.517600000
0.706500000
0.815300000
0.811600000
0.723000000
0.427300000
0.661900000
0.476400000
0.409500000
0.203900000
0.694900000
0.936100000
0.504900000
0.587000000
