*Vertices 251
0.383700000
0.562200000
0.587400000
0.918700000
0.396800000
0.631400000
0.320400000
0.666300000
0.293700000
0.773100000
0.308300000
0.402900000
0.706300000
0.294400000
0.418900000
0.568000000
0.728200000
0.293200000
0.565500000
0.726900000
0.841000000
0.436900000
0.597100000
0.948200000
0.722100000
0.643200000
0.339800000
0.669900000
0.726900000
0.325200000
0.424800000
0.400500000
0.616500000
0.243900000
0.463600000
0.919900000
0.930800000
0.639600000
0.282800000
0.690500000
0.688000000
0.722100000
0.799800000
0.906600000
0.358000000
0.475500000
0.141100000
0.934500000
0.324000000
0.949000000
0.540900000
0.655300000
0.326500000
0.726900000
0.889600000
0.521800000
0.690500000
0.513100000
0.274300000
0.360400000
0.387500000
0.822800000
0.657800000
0.706300000
0.716000000
0.158700000
0.632300000
0.318000000
0.267000000
0.454100000
0.277900000
0.133500000
0.330100000
0.259200000
0.470500000
0.752500000
0.873800000
0.830100000
0.349500000
0.779700000
0.109200000
0.385900000
0.465400000
0.342200000
0.156100000
0.330100000
0.299800000
0.617700000
0.780300000
0.378600000
0.640800000
0.108000000
0.082000000
0.281600000
0.379900000
0.660200000
0.926800000
0.541300000
0.726900000
0.528300000
0.541300000
0.444100000
0.598700000
0.170000000
0.601900000
0.128500000
0.101900000
0.176300000
0.506100000
0.593700000
0.714800000
0.580100000
0.135900000
0.538800000
0.854400000
0.271800000
0.285600000
0.710600000
0.575200000
0.565500000
0.554600000
0.787300000
0.532800000
0.561900000
0.616500000
0.115300000
0.285200000
0.070700000
0.486800000
0.385000000
0.684500000
0.503600000
0.148100000
0.845900000
0.307000000
0.190100000
0.216000000
0.870100000
0.121400000
0.401700000
0.804600000
0.946600000
0.101900000
0.941900000
0.667500000
0.451500000
0.740300000
0.666300000
0.478000000
0.745800000
0.661400000
0.889600000
0.341000000
0.645600000
0.123500000
0.200200000
0.691700000
0.518200000
0.940500000
0.850700000
0.361700000
0.651700000
0.928400000
0.320400000
0.416300000
0.310800000
0.381100000
0.425200000
0.668700000
0.429000000
0.360400000
0.621400000
0.666300000
0.185100000
0.385000000
0.398100000
0.456300000
0.120100000
0.496400000
0.662800000
0.678400000
0.667500000
0.938100000
0.657800000
0.720600000
0.271800000
0.708700000
0.943000000
0.644400000
0.725700000
0.731800000
0.757300000
0.666300000
0.342200000
0.607500000
0.362900000
0.234100000
0.905300000
0.660300000
0.097100000
0.292500000
0.450200000
0.725700000
0.307000000
0.491500000
0.240300000
0.335000000
0.230600000
0.947800000
0.098300000
0.629900000
0.597100000
0.178800000
0.539600000
0.367400000
0.119700000
0.553400000
0.517000000
0.419900000
0.500000000
0.807400000
0.328900000
0.520600000
0.139600000
0.933100000
0.051800000
0.220300000
0.725700000
0.944400000
0.680800000
0.826500000
0.720900000
0.156600000
0.320400000
0.591000000
0.531600000
0.259200000
0.496800000
0.433300000
0.405100000
0.765900000
0.164900000
0.362900000
0.472100000
0.662600000
0.695400000
0.925600000
0.771800000
0.281900000
0.268200000
0.112900000
